Food web models and data for NW African ecosystem, L. Morissette et al. 
 
12 
Table 2. Time series of foreign fleets’ catches by trophic group in the Ecopath model for Northwest Africa (in ‘1000 tonnes). 
Year 
10  Large pelagics 
11  Mesopelagic predators 
12  Bathydemersal predators 
13   Sharks 
14   Rays 
15  Coastal tunas 
16  Coastal demersals 
17   Clupeids 
18 Other coastal pelagics 
19   Cephalopods 
20   Crustaceans 
21   Benthos Total 1987 18.133 0.000 3.537 0.860 1.688 10.972 44.027 314.194 344.466 23.178 8.488 0.426 769.969 1988 23.423 0.000 4.339 0.919 2.416 9.774 37.594 359.614 445.571 19.852 6.710 0.140 910.352 1989 24.700 0.000 3.028 0.862 2.077 10.973 30.130 565.703 327.247 24.036 5.943 0.325 995.025 1990 29.010 0.000 2.071 0.903 2.208 10.022 41.111 635.854 333.376 13.816 5.261 0.029 1073.660 1991 27.706 0.000 1.465 1.212 2.365 6.323 52.960 615.550 375.413 14.854 5.275 0.000 1103.124 1992 23.680 0.000 0.783 1.796 3.810 1.941 50.265 268.615 277.797 11.726 4.730 0.000 645.142 1993 30.062 0.000 0.064 1.491 4.674 4.117 44.020 117.591 202.228 14.379 6.365 0.667 425.658 1994 29.583 0.000 0.259 1.408 4.840 0.569 41.305 64.681 165.995 8.650 4.089 0.000 321.378 1995 27.854 0.001 0.464 0.139 2.664 0.490 20.222 96.962 375.167 15.962 4.197 0.040 544.160 1996 26.786 0.001 0.149 0.104 1.840 6.720 17.739 214.901 285.468 11.998 3.219 0.000 568.925 1997 22.050 0.000 0.647 0.037 0.963 7.052 27.036 237.487 276.764 17.916 3.969 0.010 593.931 1998 26.707 0.000 2.863 0.072 0.310 6.194 26.508 373.057 297.179 20.290 4.173 0.009 757.360 1999 26.917 0.000 0.898 0.080 0.433 6.872 27.587 340.364 277.016 32.015 3.861 0.005 716.048 2000 21.277 0.000 1.863 0.105 0.732 6.392 31.781 299.077 330.533 17.193 3.322 0.003 712.278 2001 25.377 0.000 1.555 0.427 0.683 3.177 39.891 370.917 393.755 23.882 3.851 0.003 863.518 2002 19.030 0.000 2.311 0.338 0.507 4.217 20.634 302.658 276.657 3.262 1.089 0.000 630.702 2003 21.486 0.000 2.001 0.433 0.625 2.753 23.338 301.637 177.633 4.339 1.198 0.000 535.443 2004 23.157 0.000 1.109 0.016 0.582 2.463 20.238 263.034 168.238 4.295 0.865 0.000 483.996  