R1:   | Prey \ predator | 1 | 2 | 3 | 4 | 5 | 6 | 7 | 8 | 9 | 10 | 11 | 12 | 13 | 14 | 15 | 16 | 17 | 18 | 19 | 20 | 21 | 22 | 23 | 24 | 25
R2: 1 | Seabirds - Divers |   |   |   |   |   |   |   |   |   |   |   |   |   |   |   |   |   |   |   |   |   |   |   |   |  
R3: 2 | Seabirds - Surface feeders |   |   |   |   |   |   |   |   |   |   |   |   |   |   |   |   |   |   |   |   |   |   |   |   |  
R4: 3 | Baleen whales |   |   |   |   |   |   |   |   |   |   |   |   |   |   |   |   |   |   |   |   |   |   |   |   |  
R5: 4 | Toothed cetaceans / Seals |   |   |   |   |   |   |   |   |   |   |   |   |   |   |   |   |   |   |   |   |   |   |   |   |  
R6: 5 | Pelagic sharks |   |   |   | 0.014 | 0.001 |   |   |   |   |   |   |   |   |   |   |   |   |   |   |   |   |   |   |   |  
R7: 6 | Carnivorous dem. elasmobranchs |   |   |   | 0.002 | 0.007 |   |   |   |   |   |   |   |   |   |   |   |   |   |   |   |   |   |   |   |  
R8: 7 | Benthivorous dem. elasmobranchs |   |   |   | 0.003 |   | 0.001 |   |   |   |   |   |   |   |   |   |   |   |   |   |   |   |   |   |   |  
R9: 8 | Sea bass |   |   |   |   |   |   |   | 0.022 |   |   |   |   |   |   |   |   |   |   |   |   |   |   |   |   |  
R10: 9 | Anglerfish adult |   |   |   | 0.029 | 0.009 |   |   |   | 0.001 |   | 0.006 |   | 0.002 |   | 0.001 |   |   | 0.007 |   |   | 0.001 |   |   |   |  
R11: 10 | Anglerfish juvenile |   |   |   |   |   |   |   |   | 0.000 |   | 0.000 | 0.001 | 0.001 |   | 0.000 |   |   | 0.000 |   |   | 0.001 |   |   |   |  
R12: 11 | Hake adult |   |   |   | 0.004 | 0.001 |   |   |   | 0.005 |   | 0.019 |   |   |   |   |   |   | 0.000 |   |   | 0.023 |   |   |   |  
R13: 12 | Hake juvenile |   |   |   |   |   |   |   | 0.000 | 0.001 | 0.002 | 0.010 | 0.002 | 0.002 | 0.002 | 0.001 |   |   | 0.001 |   |   | 0.001 |   |   |   |  
R14: 13 | Cod adult |   |   |   | 0.001 | 0.006 | 0.001 |   |   | 0.008 |   |   |   |   |   | 0.002 |   |   |   |   |   | 0.004 |   |   |   |  
R15: 14 | Cod juvenile |   |   |   |   | 0.005 | 0.000 |   |   | 0.003 | 0.002 |   |   |   |   | 0.001 |   |   | 0.002 |   |   | 0.002 | 0.001 |   |   |  
R16: 15 | Whiting |   |   |   | 0.000 | 0.002 | 0.000 | 0.004 | 0.001 | 0.026 | 0.005 | 0.001 | 0.002 | 0.008 | 0.002 | 0.003 |   |   | 0.000 |   |   | 0.021 | 0.002 |   |   |  
R17: 16 | Haddock |   |   |   |   | 0.008 | 0.008 | 0.007 |   | 0.005 | 0.002 |   |   | 0.005 | 0.004 | 0.007 |   |   | 0.001 |   |   | 0.003 | 0.002 |   |   |  
R18: 17 | Pouts |   |   |   | 0.080 | 0.160 | 0.155 | 0.126 | 0.114 | 0.266 | 0.241 | 0.097 | 0.022 | 0.153 | 0.056 | 0.232 | 0.002 | 0.016 | 0.116 |   |   | 0.142 | 0.027 |   |   |  
R19: 18 | Megrim |   |   |   |   |   |   |   |   | 0.029 | 0.006 | 0.004 |   | 0.012 | 0.003 |   |   |   | 0.008 |   |   |   |   |   |   |  
R20: 19 | Sole |   |   |   |   |   |   |   | 0.012 | 0.003 |   |   |   | 0.010 | 0.005 |   |   |   |   |   |   |   |   |   |   |  
R21: 20 | Plaice |   |   |   | 0.001 |   | 0.001 |   | 0.006 | 0.001 |   |   |   | 0.010 | 0.002 |   |   |   | 0.001 |   |   | 0.000 |   |   |   |  
R22: 21 | Piscivorous demersal fish |   |   |   | 0.016 | 0.005 |   |   | 0.002 | 0.041 |   |   |   | 0.001 |   |   |   |   |   |   |   | 0.030 |   |   |   |  
R23: 22 | Epibenthivorous demersal fish | 0.067 |   |   | 0.023 | 0.044 | 0.004 | 0.005 | 0.005 | 0.067 | 0.010 | 0.007 | 0.015 | 0.006 | 0.042 | 0.004 |   | 0.016 | 0.045 |   |   | 0.101 |   |   |   |  
R24: 23 | Endobenthivorous demersal fish |   |   | 0.104 |   | 0.093 | 0.013 |   | 0.009 | 0.047 | 0.024 |   |   | 0.001 | 0.006 |   |   |   | 0.021 |   |   | 0.002 | 0.002 |   |   |  
R25: 24 | Suprabenthivorous demersal fish |   |   |   |   |   |   | 0.000 | 0.006 | 0.008 | 0.017 | 0.010 | 0.023 | 0.004 | 0.010 | 0.015 | 0.001 |   | 0.053 |   |   | 0.042 |   |   | 0.027 |  
R26: 25 | Small benthivorous demersal fish |   |   | 0.065 | 0.056 | 0.002 | 0.017 | 0.017 | 0.005 | 0.015 | 0.275 | 0.007 | 0.003 | 0.009 | 0.024 | 0.005 | 0.001 | 0.006 | 0.073 |   |   | 0.098 | 0.082 | 0.002 |   | 0.052
R27: 26 | Mackerel | 0.062 | 0.032 | 0.019 | 0.014 | 0.002 | 0.031 | 0.012 | 0.100 | 0.022 | 0.002 | 0.033 |   | 0.008 | 0.005 | 0.007 |   |   | 0.006 |   |   | 0.010 |   |   | 0.001 |  
R28: 27 | Horse mackerel | 0.552 | 0.411 |   | 0.023 | 0.017 | 0.372 | 0.009 | 0.210 | 0.130 |   | 0.350 | 0.343 | 0.017 |   | 0.132 |   |   | 0.071 |   |   | 0.088 |   |   | 0.003 | 0.006
R29: 28 | Boarfish |   |   |   | 0.000 |   |   | 0.001 |   |   |   |   |   |   |   | 0.002 |   |   |   |   |   | 0.001 |   |   |   |  
R30: 29 | Sprat |   | 0.004 |   | 0.011 | 0.021 | 0.067 | 0.004 | 0.075 |   |   | 0.020 | 0.001 | 0.005 | 0.002 | 0.089 | 0.003 |   | 0.021 |   |   | 0.015 |   |   |   |  
R31: 30 | Blue whiting |   |   |   | 0.018 | 0.000 | 0.013 | 0.066 | 0.001 | 0.032 | 0.060 | 0.220 | 0.013 | 0.013 | 0.002 | 0.043 |   |   | 0.036 |   |   | 0.101 |   |   |   |  
R32: 31 | Pilchard | 0.119 | 0.125 |   | 0.025 | 0.002 | 0.004 |   | 0.013 | 0.000 |   | 0.024 | 0.005 |   |   | 0.018 |   |   | 0.002 |   |   | 0.014 |   |   | 0.002 |  
R33: 32 | Herring | 0.143 | 0.079 | 0.076 | 0.055 | 0.055 | 0.065 | 0.010 |   | 0.040 | 0.083 | 0.038 |   | 0.012 | 0.010 | 0.035 | 0.002 | 0.001 |   |   |   | 0.012 | 0.004 |   |   |  
R34: 33 | Pelagic - Large |   |   |   | 0.009 | 0.031 | 0.002 |   |   |   |   | 0.001 |   |   |   |   |   |   |   |   |   |   |   |   |   |  
R35: 34 | Pelagic - Medium | 0.014 | 0.015 | 0.008 | 0.026 | 0.011 | 0.004 | 0.000 | 0.013 | 0.008 | 0.013 | 0.006 | 0.008 | 0.017 | 0.000 | 0.013 | 0.001 | 0.000 |   |   | 0.002 |   | 0.004 |   |   |  
R36: 35 | Squids |   |   | 0.038 | 0.124 | 0.233 | 0.004 | 0.013 |   | 0.025 | 0.006 |   | 0.003 | 0.053 | 0.005 | 0.012 |   |   | 0.005 |   |   | 0.022 |   |   |   |  
R37: 36 | Benthic cephalopods |   |   | 0.015 | 0.439 | 0.225 | 0.032 | 0.010 | 0.010 | 0.027 | 0.028 | 0.008 | 0.002 | 0.007 | 0.000 | 0.064 | 0.001 |   | 0.015 | 0.055 |   | 0.040 | 0.007 |   | 0.002 | 0.011
R38: 37 | Commercial crustaceans |   |   |   |   |   | 0.001 | 0.046 | 0.001 |   |   |   |   | 0.005 | 0.006 |   |   |   |   |   | 0.006 | 0.028 |   |   |   |  
R39: 38 | Nephrops |   |   |   |   |   | 0.016 | 0.011 |   | 0.013 |   |   |   | 0.037 | 0.025 | 0.004 |   | 0.001 | 0.004 |   |   | 0.008 | 0.001 |   | 0.001 |  
R40: 39 | Commercial bivalves |   |   |   |   |   |   |   |   |   |   |   |   | 0.001 | 0.003 |   |   |   |   | 0.005 |   |   |   |   |   |  
R41: 40 | Shrimps |   |   |   |   | 0.049 | 0.006 | 0.094 | 0.110 | 0.018 | 0.023 | 0.059 | 0.019 | 0.186 | 0.234 | 0.083 | 0.007 | 0.097 | 0.194 | 0.012 | 0.001 | 0.041 | 0.107 | 0.031 | 0.048 | 0.021
R42: 41 | Carnivores/Necrophages |   |   |   |   |   | 0.007 | 0.368 | 0.138 | 0.007 | 0.011 | 0.010 | 0.003 | 0.366 | 0.482 | 0.009 | 0.419 | 0.109 | 0.180 | 0.168 | 0.180 | 0.015 | 0.179 | 0.174 | 0.004 | 0.110
R43: 42 | Suspension/Surface detritus Feeders |   |   |   |   |   | 0.007 | 0.027 | 0.114 | 0.011 | 0.020 | 0.042 | 0.023 | 0.030 | 0.015 | 0.034 | 0.426 | 0.030 | 0.015 | 0.684 | 0.513 |   | 0.074 | 0.484 | 0.011 | 0.304
R44: 43 | Subsurface deposit feeders |   |   |   |   |   |   | 0.005 |   |   | 0.005 | 0.002 |   | 0.014 | 0.003 | 0.018 | 0.078 | 0.001 | 0.002 | 0.064 | 0.275 |   | 0.001 | 0.093 |   | 0.116
R45: 44 | Suprabenthos |   |   |   |   |   |   | 0.010 | 0.034 |   |   | 0.024 | 0.234 | 0.001 | 0.001 | 0.015 | 0.012 | 0.244 | 0.107 | 0.008 | 0.017 | 0.011 | 0.381 | 0.061 | 0.012 | 0.091
R46: 45 | Benthic meiofauna |   |   |   |   |   |   |   |   |   |   |   |   |   |   |   |   |   |   | 0.001 |   |   |   |   |   | 0.012
R47: 46 | Macrozooplankton |   | 0.025 |   |   |   | 0.170 |   |   |   |   |   | 0.279 | 0.004 | 0.001 | 0.039 | 0.033 | 0.365 | 0.010 | 0.002 | 0.004 |   | 0.012 | 0.003 | 0.400 | 0.263
R48: 47 | Mesozooplankton - Large |   | 0.098 | 0.375 |   |   |   | 0.062 |   |   |   |   | 0.000 | 0.000 | 0.018 | 0.015 | 0.010 | 0.079 |   |   |   | 0.060 | 0.066 | 0.088 | 0.055 | 0.005
R49: 48 | Mesozooplankton - Small |   | 0.033 | 0.299 |   |   |   | 0.083 |   |   |   |   | 0.000 | 0.000 | 0.032 | 0.096 | 0.004 | 0.027 |   |   |   | 0.064 | 0.048 | 0.064 | 0.435 | 0.009
R50: 49 | Microzooplankton |   |   |   |   |   |   |   |   |   |   |   |   |   |   |   |   |   |   |   |   |   |   |   |   |  
R51: 50 | Bacteria |   |   |   |   |   |   |   |   |   |   |   |   |   |   |   |   |   |   |   |   |   |   |   |   |  
R52: 51 | Phytoplankton - Large |   |   |   |   |   |   |   |   |   |   |   |   |   |   |   |   |   |   |   |   |   | 0.001 |   |   |  
R53: 52 | Phytoplankton - Small |   |   |   |   |   |   |   |   |   |   |   |   |   |   |   |   |   |   |   |   |   |   |   |   |  
R54: 53 | Discards | 0.043 | 0.180 |   |   |   |   |   |   |   |   |   |   |   |   |   |   |   |   |   |   |   |   |   |   |  
R55: 54 | Detritus |   |   |   |   |   |   | 0.008 |   |   |   |   |   |   |   |   |   | 0.007 |   |   |   |   |   |   |   |  
R56:   | Import |   |   |   | 0.026 | 0.012 |   |   |   | 0.142 | 0.165 |   |   |   |   |   |   |   |   |   |   |   |   |   |   |  