R1:  | Prey \ predator | 1 | 2 | 3 | 4 | 5 | 6 | 7 | 8 | 9 | 10 | 11 | 12 | 13 | 14 | 15 | 16 | 17 | 18 | 19 | 20 | 21 | 22 | 23 | 24 | 25 | 26
R2: 1 | Seabirds - Divers |  |  |  |  |  |  |  |  |  |  |  |  |  |  |  |  |  |  |  |  |  |  |  |  |  | 
R3: 2 | Seabirds - Surface feeders |  |  |  |  |  |  |  |  |  |  |  |  |  |  |  |  |  |  |  |  |  |  |  |  |  | 
R4: 3 | Baleen whales |  |  |  |  |  |  |  |  |  |  |  |  |  |  |  |  |  |  |  |  |  |  |  |  |  | 
R5: 4 | Toothed cetaceans / Seals |  |  |  |  |  |  |  |  |  |  |  |  |  |  |  |  |  |  |  |  |  |  |  |  |  | 
R6: 5 | Pelagic sharks |  |  |  | 1.00E+00 | 1.00E+00 |  |  |  |  |  |  |  |  |  |  |  |  |  |  |  |  |  |  |  |  | 
R7: 6 | Carnivorous dem. elasmobranchs |  |  |  | 1.00E+00 | 1.00E+00 |  |  |  |  |  |  |  |  |  |  |  |  |  |  |  |  |  |  |  |  | 
R8: 7 | Benthivorous dem. elasmobranchs |  |  |  | 1.00E+00 |  | 1.34E+00 |  |  |  |  |  |  |  |  |  |  |  |  |  |  |  |  |  |  |  | 
R9: 8 | Sea bass |  |  |  |  |  |  |  | 1.00E+00 |  |  |  |  |  |  |  |  |  |  |  |  |  |  |  |  |  | 
R10: 9 | Anglerfish adult |  |  |  | 1.00E+00 | 1.00E+00 |  |  |  | 1.00E+00 |  | 6.93E+00 |  | 1.13E+00 |  | 1.00E+00 |  |  | 1.00E+00 |  |  | 1.00E+00 |  |  |  |  | 
R11: 10 | Anglerfish juvenile |  |  |  |  |  |  |  |  | 1.00E+00 |  | 6.93E+00 | 1.46E+01 | 1.13E+00 |  | 1.00E+00 |  |  | 1.00E+00 |  |  | 1.00E+00 |  |  |  |  | 
R12: 11 | Hake adult |  |  |  | 1.00E+00 | 1.00E+00 |  |  |  | 1.00E+00 |  | 6.93E+00 |  |  |  |  |  |  | 1.00E+00 |  |  | 1.00E+00 |  |  |  |  | 
R13: 12 | Hake juvenile |  |  |  |  |  |  |  | 1.00E+00 | 1.00E+00 | 1.37E+00 | 6.93E+00 | 1.46E+01 | 1.13E+00 | 1.22E+00 | 1.00E+00 |  |  | 1.00E+00 |  |  | 1.00E+00 |  |  |  |  | 
R14: 13 | Cod adult |  |  |  | 1.00E+00 | 1.00E+00 | 1.34E+00 |  |  | 1.00E+00 |  |  |  |  |  | 1.00E+00 |  |  |  |  |  | 1.00E+00 |  |  |  |  | 
R15: 14 | Cod juvenile |  |  |  |  | 1.00E+00 | 1.34E+00 |  |  | 1.00E+00 | 1.37E+00 |  |  |  |  | 1.00E+00 |  |  | 1.00E+00 |  |  | 1.00E+00 | 1.00E+00 |  |  |  | 
R16: 15 | Whiting |  |  |  | 1.00E+00 | 1.00E+00 | 1.34E+00 | 3.96E+00 | 1.00E+00 | 1.00E+00 | 1.37E+00 | 6.93E+00 | 1.46E+01 | 1.13E+00 | 1.22E+00 | 1.00E+00 |  |  | 1.00E+00 |  |  | 1.00E+00 | 1.00E+00 |  |  |  | 
R17: 16 | Haddock |  |  |  |  | 1.00E+00 | 1.34E+00 | 3.96E+00 |  | 1.00E+00 | 1.37E+00 |  |  | 1.13E+00 | 1.22E+00 | 1.00E+00 |  |  | 1.00E+00 |  |  | 1.00E+00 | 1.00E+00 |  |  |  | 
R18: 17 | Pouts |  |  |  | 1.00E+00 | 1.00E+00 | 1.34E+00 | 3.96E+00 | 1.00E+00 | 1.00E+00 | 1.37E+00 | 6.93E+00 | 1.46E+01 | 1.13E+00 | 1.22E+00 | 1.00E+00 | 1.00E+00 | 1.00E+00 | 1.00E+00 |  |  | 1.00E+00 | 1.00E+00 |  |  |  | 
R19: 18 | Megrim |  |  |  |  |  |  |  |  | 1.00E+00 | 1.37E+00 | 6.93E+00 |  | 1.13E+00 | 1.22E+00 |  |  |  | 1.00E+00 |  |  |  |  |  |  |  | 
R20: 19 | Sole |  |  |  |  |  |  |  | 1.00E+00 | 1.00E+00 |  |  |  | 1.13E+00 | 1.22E+00 |  |  |  |  |  |  |  |  |  |  |  | 
R21: 20 | Plaice |  |  |  | 1.00E+00 |  | 1.34E+00 |  | 1.00E+00 | 1.00E+00 |  |  |  | 1.13E+00 | 1.22E+00 |  |  |  | 1.00E+00 |  |  | 1.00E+00 |  |  |  |  | 
R22: 21 | Piscivorous demersal fish |  |  |  | 1.00E+00 | 1.00E+00 |  |  | 1.00E+00 | 1.00E+00 |  |  |  | 1.13E+00 |  |  |  |  |  |  |  | 1.00E+00 |  |  |  |  | 
R23: 22 | Epibenthivorous demersal fish | 1.00E+00 |  |  | 1.00E+00 | 1.00E+00 | 1.34E+00 | 3.96E+00 | 1.00E+00 | 1.00E+00 | 1.37E+00 | 6.93E+00 | 1.46E+01 | 1.13E+00 | 1.22E+00 | 1.00E+00 |  | 1.00E+00 | 1.00E+00 |  |  | 1.00E+00 |  |  |  |  | 
R24: 23 | Endobenthivorous demersal fish |  |  | 1.93E+00 |  | 1.00E+00 | 1.34E+00 |  | 1.00E+00 | 1.00E+00 | 1.37E+00 |  |  | 1.13E+00 | 1.22E+00 |  |  |  | 1.00E+00 |  |  | 1.00E+00 | 1.00E+00 |  |  |  | 
R25: 24 | Suprabenthivorous demersal fish |  |  | 1.93E+00 | 1.00E+00 |  |  | 3.96E+00 | 1.00E+00 | 1.00E+00 | 1.37E+00 | 6.93E+00 | 1.46E+01 | 1.13E+00 | 1.22E+00 | 1.00E+00 | 1.00E+00 |  | 1.00E+00 |  |  | 1.00E+00 |  |  | 1.00E+00 |  | 
R26: 25 | Small benthivorous demersal fish |  |  |  |  |  | 1.34E+00 | 3.96E+00 | 1.00E+00 | 1.00E+00 | 1.37E+00 | 6.93E+00 | 1.46E+01 | 1.13E+00 | 1.22E+00 | 1.00E+00 | 1.00E+00 | 1.00E+00 | 1.00E+00 |  | 3.04E+00 | 1.00E+00 | 1.00E+00 | 1.62E+00 |  | 1.00E+00 | 
R27: 26 | Mackerel | 1.00E+00 | 1.00E+00 | 1.93E+00 | 1.00E+00 | 1.00E+00 | 1.34E+00 | 3.96E+00 | 1.00E+00 | 1.00E+00 | 1.37E+00 | 6.93E+00 |  | 1.13E+00 | 1.22E+00 | 1.00E+00 |  |  | 1.00E+00 |  |  | 1.00E+00 |  |  | 1.00E+00 |  | 
R28: 27 | Horse mackerel | 1.00E+00 | 1.00E+00 |  | 1.00E+00 | 1.00E+00 | 1.34E+00 | 3.96E+00 | 1.00E+00 | 1.00E+00 |  | 6.93E+00 | 1.46E+01 | 1.13E+00 |  | 1.00E+00 |  |  | 1.00E+00 |  |  | 1.00E+00 |  |  | 1.00E+00 | 1.00E+00 | 
R29: 28 | Boarfish |  |  |  | 1.00E+00 |  | 1.34E+00 | 3.96E+00 |  |  |  | 6.93E+00 |  |  |  | 1.00E+00 |  |  | 1.00E+00 |  |  | 1.00E+00 |  |  |  |  | 
R30: 29 | Sprat |  | 1.00E+00 |  | 1.00E+00 | 1.00E+00 | 1.34E+00 | 3.96E+00 | 1.00E+00 |  |  | 6.93E+00 | 1.46E+01 | 1.13E+00 | 1.22E+00 | 1.00E+00 | 1.00E+00 |  | 1.00E+00 |  |  | 1.00E+00 |  |  |  |  | 
R31: 30 | Blue whiting |  |  |  | 1.00E+00 | 1.00E+00 | 1.34E+00 | 3.96E+00 | 1.00E+00 | 1.00E+00 | 1.37E+00 | 6.93E+00 | 1.46E+01 | 1.13E+00 | 1.22E+00 | 1.00E+00 |  |  | 1.00E+00 |  |  | 1.00E+00 |  |  |  |  | 1.20E+00
R32: 31 | Pilchard | 1.00E+00 | 1.00E+00 |  | 1.00E+00 | 1.00E+00 | 1.34E+00 |  | 1.00E+00 | 1.00E+00 |  | 6.93E+00 | 1.46E+01 |  |  | 1.00E+00 |  |  | 1.00E+00 |  |  | 1.00E+00 |  |  | 1.00E+00 |  | 
R33: 32 | Herring | 1.00E+00 | 1.00E+00 | 1.93E+00 | 1.00E+00 | 1.00E+00 | 1.34E+00 | 3.96E+00 |  | 1.00E+00 | 1.37E+00 | 6.93E+00 |  | 1.13E+00 | 1.22E+00 | 1.00E+00 | 1.00E+00 | 1.00E+00 |  |  |  | 1.00E+00 | 1.00E+00 |  |  |  | 
R34: 33 | Pelagic - Large |  |  |  | 1.00E+00 | 1.00E+00 | 1.34E+00 |  |  |  |  | 6.93E+00 |  |  |  |  |  |  |  |  |  |  |  |  |  |  | 
R35: 34 | Pelagic - Medium | 1.00E+00 | 1.00E+00 | 1.93E+00 | 1.00E+00 | 1.00E+00 | 1.34E+00 | 3.96E+00 | 1.00E+00 | 1.00E+00 | 1.37E+00 | 6.93E+00 | 1.46E+01 | 1.13E+00 | 1.22E+00 | 1.00E+00 | 1.00E+00 | 1.00E+00 |  |  | 3.04E+00 |  | 1.00E+00 |  |  |  | 1.20E+00
R36: 35 | Squids |  |  | 1.93E+00 | 1.00E+00 | 1.00E+00 | 1.34E+00 | 3.96E+00 | 1.00E+00 | 1.00E+00 | 1.37E+00 | 6.93E+00 | 1.46E+01 | 1.13E+00 | 1.22E+00 | 1.00E+00 |  |  | 1.00E+00 |  |  | 1.00E+00 | 1.00E+00 |  |  |  | 1.20E+00
R37: 36 | Benthic cephalopods |  |  | 1.93E+00 | 1.00E+00 |  | 1.34E+00 | 3.96E+00 | 1.00E+00 | 1.00E+00 | 1.37E+00 | 6.93E+00 | 1.46E+01 | 1.13E+00 | 1.22E+00 | 1.00E+00 | 1.00E+00 |  | 1.00E+00 | 1.91E+00 |  | 1.00E+00 | 1.00E+00 |  |  |  | 
R38: 37 | Commercial crustaceans |  |  |  |  |  | 1.34E+00 | 3.96E+00 | 1.00E+00 |  |  |  |  | 1.13E+00 | 1.22E+00 |  |  |  |  |  | 3.04E+00 | 1.00E+00 |  |  |  |  | 
R39: 38 | Nephrops |  |  |  |  |  | 1.34E+00 | 3.96E+00 |  | 1.00E+00 |  |  |  | 1.13E+00 | 1.22E+00 | 1.00E+00 |  | 1.00E+00 | 1.00E+00 |  |  | 1.00E+00 | 1.00E+00 |  | 1.00E+00 |  | 
R40: 39 | Commercial bivalves |  |  |  |  |  |  |  |  |  |  |  |  | 1.13E+00 | 1.22E+00 |  |  |  |  | 1.91E+00 |  |  |  |  |  |  | 
R41: 40 | Shrimps |  |  |  |  | 1.00E+00 | 1.34E+00 | 3.96E+00 | 1.00E+00 | 1.00E+00 | 1.37E+00 | 6.93E+00 | 1.46E+01 | 1.13E+00 | 1.22E+00 | 1.00E+00 | 1.00E+00 | 1.00E+00 | 1.00E+00 | 1.91E+00 | 3.04E+00 | 1.00E+00 | 1.00E+00 | 1.62E+00 | 1.00E+00 | 1.00E+00 | 1.20E+00
R42: 41 | Carnivores/Necrophages |  |  |  |  |  | 1.34E+00 | 3.96E+00 | 1.00E+00 | 1.00E+00 | 1.37E+00 | 6.93E+00 | 1.46E+01 | 1.13E+00 | 1.22E+00 | 1.00E+00 | 1.00E+00 | 1.00E+00 | 1.00E+00 | 1.91E+00 | 3.04E+00 | 1.00E+00 | 1.00E+00 | 1.62E+00 | 1.00E+00 | 1.00E+00 | 
R43: 42 | Suspension/Surface detritus Feeders |  |  |  |  |  | 1.34E+00 | 3.96E+00 | 1.00E+00 | 1.00E+00 | 1.37E+00 | 6.93E+00 | 1.46E+01 | 1.13E+00 | 1.22E+00 | 1.00E+00 | 1.00E+00 | 1.00E+00 | 1.00E+00 | 1.91E+00 | 3.04E+00 |  | 1.00E+00 | 1.62E+00 | 1.00E+00 | 1.00E+00 | 
R44: 43 | Subsurface deposit feeders |  |  |  |  |  |  | 3.96E+00 |  |  | 1.37E+00 | 6.93E+00 |  | 1.13E+00 | 1.22E+00 | 1.00E+00 | 1.00E+00 | 1.00E+00 | 1.00E+00 | 1.91E+00 | 3.04E+00 |  | 1.00E+00 | 1.62E+00 |  | 1.00E+00 | 
R45: 44 | Suprabenthos |  |  |  |  |  |  | 3.96E+00 | 1.00E+00 |  |  | 6.93E+00 | 1.46E+01 | 1.13E+00 | 1.22E+00 | 1.00E+00 | 1.00E+00 | 1.00E+00 | 1.00E+00 | 1.91E+00 | 3.04E+00 | 1.00E+00 | 1.00E+00 | 1.62E+00 | 1.00E+00 | 1.00E+00 | 1.20E+00
R46: 45 | Benthic meiofauna |  |  |  |  |  |  |  |  |  |  |  |  |  |  |  |  |  |  | 1.91E+00 |  |  |  |  |  | 1.00E+00 | 
R47: 46 | Macrozooplankton |  | 1.00E+00 |  |  |  | 1.34E+00 |  |  |  |  |  | 1.46E+01 | 1.13E+00 | 1.22E+00 | 1.00E+00 | 1.00E+00 | 1.00E+00 | 1.00E+00 | 1.91E+00 | 3.04E+00 |  | 1.00E+00 | 1.62E+00 | 1.00E+00 | 1.00E+00 | 1.20E+00
R48: 47 | Mesozooplankton - Large |  | 1.00E+00 | 1.93E+00 |  |  |  | 3.96E+00 |  |  |  |  | 1.46E+01 | 1.13E+00 | 1.22E+00 | 1.00E+00 | 1.00E+00 | 1.00E+00 |  |  |  | 1.00E+00 | 1.00E+00 | 1.62E+00 | 1.00E+00 | 1.00E+00 | 1.20E+00
R49: 48 | Mesozooplankton - Small |  | 1.00E+00 | 1.93E+00 |  |  |  | 3.96E+00 |  |  |  |  | 1.46E+01 | 1.13E+00 | 1.22E+00 | 1.00E+00 | 1.00E+00 | 1.00E+00 |  |  |  | 1.00E+00 | 1.00E+00 | 1.62E+00 | 1.00E+00 | 1.00E+00 | 1.20E+00
R50: 49 | Microzooplankton |  |  |  |  |  |  |  |  |  |  |  |  |  |  |  |  |  |  |  |  |  |  |  |  |  | 
R51: 50 | Bacteria |  |  |  |  |  |  |  |  |  |  |  |  |  |  |  |  |  |  |  |  |  |  |  |  |  | 
R52: 51 | Phytoplankton - Large |  |  |  |  |  |  |  |  |  |  |  |  |  |  |  |  |  |  |  |  |  | 1.00E+00 |  |  |  | 
R53: 52 | Phytoplankton - Small |  |  |  |  |  |  |  |  |  |  |  |  |  |  |  |  |  |  |  |  |  |  |  |  |  | 
R54: 53 | Discards | 1.00E+00 | 1.00E+00 |  |  |  |  |  |  |  |  |  |  |  |  |  |  |  |  |  |  |  |  |  |  |  | 
R55: 54 | Detritus |  |  |  |  |  |  | 3.96E+00 |  |  |  |  |  |  |  |  |  | 1.00E+00 |  |  |  |  |  |  |  |  | 