R1:  | Group name | TL | B (t/km²) | P/B (/y-1) | C/B (y-1) | EE | P/C (y-1) | BA (y-1) | Unassim
R2: 1 | Seabirds - Divers | 4,40 | 0,00 | 0,15 | 135,26 | 0,00 | 0,001 | 0 | 0.2
R3: 2 | Seabirds - Surface feeders | 3,86 | 0,00 | 0,25 | 114,47 | 0,00 | 0,001 | 0 | 0.2
R4: 3 | Baleen whales | 3,63 | 0,07 | 0,04 | 4,77 | 0,00 | 0,01 | 0 | 0.2
R5: 4 | Toothed cetaceans / Seals | 4,88 | 0,03 | 0,14 | 12,00 | 0,00 | 0,01 | 0 | 0.2
R6: 5 | Pelagic sharks | 4,80 | 0,12 | 0,20 | 1,96 | 0,60 | 0,10 | 0 | 0.2
R7: 6 | Piscivorous dem. elasmobranchs | 4,39 | 0,15 | 0,47 | 3,13 | 0,65 | 0,15 | 0 | 0.2
R8: 7 | Benthivorous dem. elasmobranchs | 3,96 | 0,22 | 0,52 | 3,48 | 0,65 | 0,15 | 0 | 0.2
R9: 8 | Sea bass | 4,18 | 0,05 | 0,28 | 1,52 | 0,58 | 0,18 | 0 | 0,2
R10: 9 | Anglerfish adult | 4,65 | 0,26 |   | 2,38 | 0,57 | 0,31 | 0 | 0,2
R11: 10 | Anglerfish juvenile | 4,50 | 0,04 |   | 6,89 | 0,38 | 0,19 | 0 | 0,2
R12: 11 | Hake adult | 4,49 | 0,10 |   | 2,52 | 0,96 | 0,47 | 0 | 0,2
R13: 12 | Hake juvenile | 4,00 | 0,05 |   | 5,56 | 0,22 | 0,24 | 0 | 0,2
R14: 13 | Cod adult | 4,15 | 0,08 |   | 2,58 | 0,85 | 0,27 | 0 | 0.2
R15: 14 | Cod juvenile | 3,95 | 0,02 |   | 5,04 | 0,90 | 0,19 | 0 | 0.2
R16: 15 | Whiting | 4,24 | 0,17 | 0,92 | 3,70 | 0,97 | 0,25 | 0 | 0.2
R17: 16 | Haddock | 3,43 | 0,06 | 0,86 | 3,33 | 0,98 | 0,26 | 0 | 0.2
R18: 17 | Pouts | 3,61 | 0,94 | 1,35 | 5,40 | 0,95 | 0.25 | 0 | 0.2
R19: 18 | Megrim | 4,17 | 0,30 | 0,45 | 2,24 |   | 0.2 | 0 | 0.2
R20: 19 | Sole | 3,32 | 0,05 | 0,47 | 2,58 | 0,96 | 0.18 | 0 | 0.2
R21: 20 | Plaice | 3,32 | 0,04 | 0,81 | 4,50 | 0,97 | 0.18 | -0,01 | 0.2
R22: 21 | Piscivorous dem. fish | 4,45 | 0,33 | 0,64 | 3,21 | 0,85 | 0.2 | 0 | 0.2
R23: 22 | Epibenthivorous dem. fish | 3,63 | 0,50 | 0,86 | 4,30 | 0,95 | 0.2 | 0 | 0.2
R24: 23 | Endobenthivorous dem. fish | 3,29 | 0,15 | 1,09 | 5,45 | 0,95 | 0.2 | 0 | 0.2
R25: 24 | Suprabenthivorous dem. fish | 3,44 | 0,49 | 1,88 | 7,52 | 0,95 | 0.25 | 0 | 0.25
R26: 25 | Small benthivorous dem. fish | 3,50 | 0,95 | 1,83 | 7,34 | 0,95 | 0.25 | 0 | 0.25
R27: 26 | Mackerel | 3,58 | 0,95 | 0,26 | 1,04 | 0,97 | 0.25 | 0 | 0.2
R28: 27 | Horse mackerel | 3,59 | 6,40 | 0,25 | 1,00 | 0,79 | 0.25 | 0 | 0.2
R29: 28 | Boarfish | 3,30 | 0,15 | 1,20 | 4,80 | 0,07 | 0.25 | 0 | 0.2
R30: 29 | Sprat | 3,25 | 0,26 | 0,85 | 7,00 | 0,95 | 0,12 | 0 | 0.2
R31: 30 | Blue whiting | 3,73 | 0,48 | 1,43 | 5,70 | 0,94 | 0.25 | 0 | 0.2
R32: 31 | Pilchard | 3,22 | 0,31 | 0,68 | 6,80 | 0,62 | 0,10 | 0 | 0.2
R33: 32 | Herring | 3,37 | 0,81 | 0,51 | 4,59 | 0,97 | 0,11 | 0 | 0.2
R34: 33 | Pelagic - Large | 4,34 | 0,20 | 0,42 | 2,80 | 0,90 | 0.15 | 0 | 0.2
R35: 34 | Pelagic - Medium | 3,21 | 0,16 | 0,88 | 5,93 | 0,95 | 0.148 | 0 | 0.2
R36: 35 | Squids | 4,20 | 0,09 | 3,90 | 13,00 | 0.9 | 0.3 | 0 | 0.2
R37: 36 | Benthic cephalopods | 3,97 | 0,23 | 3,90 | 13,00 | 0.9 | 0.3 | 0 | 0.2
R38: 37 | Commercial crustaceans | 3,56 | 0,78 | 0,55 | 3,67 | 0,80 | 0.15 | 0 | 0.2
R39: 38 | Nephrops | 3,36 | 0,22 | 0,60 | 4,00 | 0,77 | 0.15 | 0 | 0.2
R40: 39 | Commercial bivalves | 2,00 | 0,30 | 3,50 | 17,50 | 0,73 | 0.2 | 0 | 0.2
R41: 40 | Shrimps | 3,09 | 1,20 | 3,00 | 20,00 | 0.95 | 0.15 | 0 | 0.2
R42: 41 | Carnivores/Necrophages | 2,75 | 5,02 | 6,11 | 40,73 | 0.95 | 0.15 | 0 | 0.2
R43: 42 | Suspension/Surface detritus Feeders | 2,05 | 15,55 | 6,35 | 31,75 | 0.95 | 0.2 | 0 | 0.2
R44: 43 | Subsurface deposit feeders | 2,48 | 21,69 | 2,88 | 14,40 | 0.9 | 0.2 | 0 | 0.3
R45: 44 | Suprabenthos | 2,36 | 1,53 | 7,70 | 38,50 | 0.95 | 0.2 | 0 | 0.2
R46: 45 | Benthic meiofauna | 2,09 | 11,41 | 10,00 | 50,00 | 0.95 | 0.2 | 0 | 0.4
R47: 46 | Macrozooplankton | 2,70 | 2,25 | 7,50 | 25,00 | 0,74 | 0.28 | 0 | 0.3
R48: 47 | Mesozooplankton - Large | 2,31 | 1,98 | 8,01 | 26,69 | 0,90 | 0.28 | 0 | 0.3
R49: 48 | Mesozooplankton - Small | 2,09 | 9,61 | 25,35 | 84,50 | 0,12 | 0.28 | 0 | 0.3
R50: 49 | Microzooplankton | 2,15 | 2,52 | 63,90 | 213,00 | 0,70 | 0.29 | 0 | 0.32
R51: 50 | Bacteria | 2,00 | 1,75 | 157,44 | 393,60 | 0,65 | 0.31 | 0 | 0.32
R52: 51 | Phytoplankton - Large | 1,00 | 14,19 | 76,45 |   | 0,57 |   | 0 | 0
R53: 52 | Phytoplankton - Small | 1,00 | 10,49 | 76,45 |   | 0,98 |   | 0 | 0
R54: 53 | Discards | 1,00 | 0,25 |   |   | 0,62 |   | 0,40 | 0,2
R55: 54 | Detritus | 1,00 | 124,00 |   |   | 0,79 |   | 3,88 | 0