 580                                                                                                                    Fisheries Science (2023) 89:573–593


   38                    1   1
   37                                                     0.1     0.9   1
   36                                        0.4          0.2     0.1     0.3 1
   35                       1 1
   34                       1 1
   33     0.02        0.1                 0.1                                         0.78 1
   32                                        0.1          0.1     0.3     0.5 1
   31               0.1                      0.2          0.6            0.1 1
   30                                        0.4        0.10.2            0.3 1
   29                                        0.2        0.10.5            0.2 1
   28                                                     0.2     0.5     0.3 1
   27                                        0.2          0.2     0.4     0.2 1
   26                                        0.3                          0.7 1
   25                       1 1
   24                       1 1
   23    0.1          0.00050.1                                                                                     0.799 1
   22      0.011          0.00050.1                  0.005                                    0.287                    0.596 1
   21                       0.0005                       0.005                                    0.669                         0.3021

   20                                                                       0.54               0.41
   19                                                     0.5            0.2 1
   18                                                     0.19              0.35                0.19 1
   17                  1      1
   16                             0.0050.0001   0.010.002        0.3   0.01  0.10.331      1
   15 0   0.0500.01                 0.1  0.3   0.01       0.33            0.1 1
   14            0.0300.01               0.14        0.3        0.10.2      1
   13     0.05        0.2           0.10.01     0.3   0.01  0.10.1      1
   12                                      0.01           0.35          0.130.2      1
   11               0.10.010   0.050.1           0.41   0.01       0.02            0.2 1
   10                                                                   0.010.233                         0.5451
 9                                                                       0.04                    0.631
 8                                                                       0.03                    0.551
 7                                                                       0.12                    0.561
 6                                                                                         0.176                         0.5091
 5                                                     0.5               0.41
 4                                                                       0.48                    0.411
 3                                                     0.6               0.41
 2                                                     0.6               0.41
 1                                                     0.6               0.41 (continued)                     conch                   sole               star     chaeta   crab          plank-ton     plank-ton       Prey\predator  Other   CrabPrawnBivalveDragonetTongue   GobyShrimpStarfishBrittle    Poly-     Hermit    MysidZoo-         Phyto-            DetritusImportSum Table 2      25  2627282930  31323334  35  36  3738   39   40