Modelling the trophic role of marine mammals in tropical areas, L. Morissette et al. 11
Table 1. Time series of local fleets’ catches by trophic group in the Ecopath model for Northwest Africa (in ‘1000 tonnes).
10 11 12 13 14 15 16 17 18 19 20 21
Bathy- Other
Large Mesopelagic demersal Coastal Coastal coastal Cephal Crusta-
Year pelagics predators predators Sharks Rays tunas demersals Clupeids pelagics o-pods ceans Benthos Total
1987 26.915 5.388 24.568 6.017 1.774 10.672 120.415 500.891 213.504 134.650 20.709 6.845 1072.348
1988 23.375 3.734 21.582 6.521 2.427 9.162 107.468 629.245 210.107 136.912 23.308 4.702 1178.544
1989 23.735 3.972 24.713 6.037 2.208 6.745 109.722 672.237 147.371 158.504 30.032 3.401 1188.676
1990 30.165 4.622 24.757 5.454 3.807 6.166 109.685 667.183 169.282 169.978 20.981 3.453 1215.534
1991 32.851 2.534 24.264 3.217 3.370 3.613 109.248 717.077 161.821 206.445 24.976 4.914 1294.329
1992 27.097 2.544 27.128 3.471 4.001 3.972 115.562 679.073 188.770 165.040 20.254 4.595 1241.507
1993 27.447 3.775 25.942 3.215 4.134 3.801 115.915 761.000 196.992 174.518 22.201 5.249 1344.189
1994 25.501 3.272 27.374 4.211 5.477 3.553 123.068 854.852 194.105 166.253 24.227 5.745 1437.637
1995 30.396 3.507 28.191 5.936 6.794 5.145 132.434 942.914 187.792 171.359 27.164 8.681 1550.315
1996 24.826 7.201 28.259 10.190 7.115 7.404 141.367 863.837 157.882 173.034 35.566 8.366 1465.047
1997 28.102 4.159 23.436 21.334 13.816 8.647 147.355 987.874 216.845 131.279 27.518 6.743 1617.110
1998 25.795 4.560 19.726 11.751 9.815 8.320 140.712 931.278 197.237 171.030 42.228 10.613 1573.065
1999 25.745 4.472 21.831 12.194 8.540 5.336 136.188 841.400 186.154 217.558 32.879 7.465 1499.761
2000 22.495 4.246 16.535 14.592 10.27 6.836 152.896 927.665 214.420 199.105 29.896 7.165 1606.129
8
2001 25.208 4.149 23.614 15.614 9.234 6.820 156.339 1171.271 225.264 189.168 31.663 7.841 1866.186
2002 21.883 3.893 19.642 12.537 7.749 6.291 150.478 1050.218 243.100 88.259 19.687 6.330 1630.067
2003 26.922 3.701 24.948 10.870 6.629 5.244 165.718 1078.499 230.319 85.690 20.898 6.215 1665.654
2004 21.440 3.747 25.759 4.318 13.93 4.607 152.834 1047.249 294.973 62.420 17.416 10.185 1658.877
0