0: 38 | Food | web | models | and | data | for | NW | African | ecosystem, | L. | Morissette | et | al. | [('38', 57.69997024536133, 36.057247161865234, 66.74461364746094, 45.05436706542969), ('Food', 447.94000244140625, 36.057247161865234, 465.9263000488281, 45.05436706542969), ('web', 467.85089111328125, 36.057247161865234, 482.56622314453125, 45.05436706542969), ('models', 484.4195251464844, 36.057247161865234, 509.91400146484375, 45.05436706542969), ('and', 511.78314208984375, 36.057247161865234, 525.6986083984375, 45.05436706542969), ('data', 527.6231079101562, 36.057247161865234, 543.930419921875, 45.05436706542969), ('for', 546.1083984375, 36.057247161865234, 556.7132568359375, 45.05436706542969), ('NW', 558.59033203125, 36.057247161865234, 572.5612182617188, 45.05436706542969), ('African', 574.438232421875, 36.057247161865234, 601.4613037109375, 45.05436706542969), ('ecosystem,', 603.2750244140625, 36.057247161865234, 642.0783081054688, 45.05436706542969), ('L.', 644.0186767578125, 36.057247161865234, 650.9566040039062, 45.05436706542969), ('Morissette', 652.89697265625, 36.057247161865234, 690.5724487304688, 45.05436706542969), ('et', 692.7421875, 36.057247161865234, 699.3157958984375, 45.05436706542969), ('al.', 701.1453247070312, 36.057247161865234, 709.5325927734375, 45.05436706542969)]
1: Table | 18. | Diet | matrix | for | the | Ecopath | model | of | Northwest | Africa. | [('Table', 148.4199981689453, 72.85691833496094, 173.92335510253906, 82.94459533691406), ('18.', 176.02000427246094, 72.85691833496094, 189.49984741210938, 82.94459533691406), ('Diet', 191.6178436279297, 72.85691833496094, 208.3566436767578, 82.94459533691406), ('matrix', 210.56776428222656, 72.85691833496094, 237.13671875, 82.94459533691406), ('for', 239.37448120117188, 72.85691833496094, 250.70535278320312, 82.94459533691406), ('the', 252.8276824951172, 72.85691833496094, 265.5171813964844, 82.94459533691406), ('Ecopath', 267.94000244140625, 72.85691833496094, 301.05352783203125, 82.94459533691406), ('model', 303.21783447265625, 72.85691833496094, 328.0906982421875, 82.94459533691406), ('of', 330.34625244140625, 72.85691833496094, 338.03631591796875, 82.94459533691406), ('Northwest', 340.4339294433594, 72.85691833496094, 381.9212951660156, 82.94459533691406), ('Africa.', 384.1324157714844, 72.85691833496094, 410.7724304199219, 82.94459533691406)]
2: Prey | / | Predators | 1 | 2 | 3 | 4 | 5 | 6 | 7 | 8 | 9 | 10 | 11 | [('Prey', 148.4199981689453, 85.57701110839844, 169.27911376953125, 95.66468811035156), ('/', 171.96975708007812, 85.57701110839844, 176.16111755371094, 95.66468811035156), ('Predators', 178.22128295898438, 85.57701110839844, 224.35289001464844, 95.66468811035156), ('1', 274.8999938964844, 85.57701110839844, 279.2511901855469, 95.66468811035156), ('2', 309.2200012207031, 85.57701110839844, 314.77886962890625, 95.66468811035156), ('3', 344.5, 85.57701110839844, 350.04998779296875, 95.66468811035156), ('4', 379.05999755859375, 85.57701110839844, 384.8231201171875, 95.66468811035156), ('5', 414.1000061035156, 85.57701110839844, 419.41912841796875, 95.66468811035156), ('6', 448.8999938964844, 85.57701110839844, 454.65423583984375, 95.66468811035156), ('7', 483.94000244140625, 85.57701110839844, 488.8595275878906, 95.66468811035156), ('8', 518.2598876953125, 85.57701110839844, 524.2627563476562, 95.66468811035156), ('9', 553.0598754882812, 85.57701110839844, 558.8140869140625, 95.66468811035156), ('10', 585.4600219726562, 85.57701110839844, 596.0094604492188, 95.66468811035156), ('11', 620.739990234375, 85.57701110839844, 629.415771484375, 95.66468811035156)]
3: 1. | Minke | whales | [('1.', 142.4199981689453, 107.88790893554688, 149.20431518554688, 117.71807098388672), ('Minke', 161.86000061035156, 107.65702819824219, 187.04368591308594, 117.74470520019531), ('whales', 189.46792602539062, 107.65702819824219, 216.59632873535156, 117.74470520019531)]
4: 2. | Fin | whales | [('2.', 142.4199981689453, 122.04791259765625, 149.20431518554688, 131.87806701660156), ('Fin', 161.86000061035156, 121.81703186035156, 175.0379180908203, 131.9047088623047), ('whales', 177.2312774658203, 121.81703186035156, 204.35968017578125, 131.9047088623047)]
5: 3. | Humpback | whales | [('3.', 142.4199981689453, 136.44790649414062, 149.20431518554688, 146.27806091308594), ('Humpback', 161.86000061035156, 136.21702575683594, 205.7804718017578, 146.30470275878906), ('whales', 207.98272705078125, 136.21702575683594, 235.1111297607422, 146.30470275878906)]
6: 4. | Brydes | whales | [('4.', 142.4199981689453, 150.60791015625, 149.20431518554688, 160.4380645751953), ('Brydes', 161.86000061035156, 150.3770294189453, 189.00616455078125, 160.46470642089844), ('whales', 191.4037628173828, 150.3770294189453, 218.53216552734375, 160.46470642089844)]
7: 5. | Sei | whales | [('5.', 142.4199981689453, 164.76791381835938, 149.20431518554688, 174.5980682373047), ('Sei', 161.86000061035156, 164.5370330810547, 173.82135009765625, 174.6247100830078), ('whales', 176.0147247314453, 164.5370330810547, 203.14312744140625, 174.6247100830078)]
8: 6. | Sperm | whales | [('6.', 142.4199981689453, 178.92791748046875, 149.20431518554688, 188.75807189941406), ('Sperm', 161.86000061035156, 178.69703674316406, 187.7008056640625, 188.7847137451172), ('whales', 190.19607543945312, 178.69703674316406, 217.32447814941406, 188.7847137451172)]
9: 7. | Killer | whales | [('7.', 142.4199981689453, 193.08782958984375, 149.20431518554688, 202.91798400878906), ('Killer', 161.86000061035156, 192.85694885253906, 183.9738311767578, 202.9446258544922), ('whales', 186.09616088867188, 192.85694885253906, 213.2245635986328, 202.9446258544922)]
10: 8. | Baleen | whales | [('8.', 142.4199981689453, 207.24783325195312, 149.20431518554688, 217.07798767089844), ('Baleen', 161.86000061035156, 207.01695251464844, 188.71311950683594, 217.10462951660156), ('whales', 190.90647888183594, 207.01695251464844, 218.03488159179688, 217.10462951660156)]
11: 9. | Beaked | whales | [('9.', 142.4199981689453, 221.6478271484375, 149.20431518554688, 231.4779815673828), ('Beaked', 161.86000061035156, 221.4169464111328, 190.7288818359375, 231.50462341308594), ('whales', 193.0820770263672, 221.4169464111328, 220.21047973632812, 231.50462341308594)]
12: 10. | Dolphins | 0.384 | [('10.', 142.4199981689453, 235.80783081054688, 153.76864624023438, 245.6379852294922), ('Dolphins', 161.86000061035156, 235.5769500732422, 198.11705017089844, 245.6646270751953), ('0.384', 475.5400085449219, 239.4169464111328, 498.5836181640625, 249.50462341308594)]
13: 11. | Seabirds | [('11.', 142.4199981689453, 249.96783447265625, 153.76864624023438, 259.7980041503906), ('Seabirds', 161.86000061035156, 249.73695373535156, 195.95921325683594, 259.82464599609375)]
14: 12. | Large | pelagics | 0.002 | 0.010 | [('12.', 142.4199981689453, 264.1278076171875, 153.76864624023438, 273.9579772949219), ('Large', 161.86000061035156, 263.89691162109375, 184.17544555664062, 273.984619140625), ('pelagics', 186.5996856689453, 263.89691162109375, 218.2835235595703, 273.984619140625), ('0.002', 439.7799987792969, 267.7369384765625, 463.71160888671875, 277.82464599609375), ('0.010', 475.7799987792969, 267.7369384765625, 498.5128173828125, 277.82464599609375)]
15: 13. | Mesopelagic | predators | 0.050 | 0.002 | 0.029 | [('13.', 142.4199981689453, 278.2879333496094, 153.76864624023438, 288.11810302734375), ('Mesopelagic', 161.86000061035156, 278.05706787109375, 211.028564453125, 288.1447448730469), ('predators', 213.23080444335938, 278.05706787109375, 251.64569091796875, 288.1447448730469), ('0.050', 370.17999267578125, 281.89691162109375, 393.8807373046875, 291.984619140625), ('0.002', 439.7799987792969, 281.89691162109375, 463.71160888671875, 291.984619140625), ('0.029', 544.1799926757812, 281.89691162109375, 567.6942138671875, 291.984619140625)]
16: 14. | Bathydeersal | predators | 0.005 | 0.009 | 0.027 | 0.001 | 0.002 | 0.010 | 0.207 | [('14.', 142.4199981689453, 292.4479064941406, 153.76864624023438, 302.278076171875), ('Bathydeersal', 161.86000061035156, 292.217041015625, 213.39950561523438, 302.3047180175781), ('predators', 215.65504455566406, 292.217041015625, 254.06993103027344, 302.3047180175781), ('0.005', 265.29998779296875, 296.05706787109375, 288.956298828125, 306.1447448730469), ('0.009', 335.3800048828125, 296.05706787109375, 359.373779296875, 306.1447448730469), ('0.027', 370.8999938964844, 296.05706787109375, 393.8459167480469, 306.1447448730469), ('0.001', 405.94000244140625, 296.05706787109375, 428.72607421875, 306.1447448730469), ('0.002', 439.7799987792969, 296.05706787109375, 463.71160888671875, 306.1447448730469), ('0.010', 475.7799987792969, 296.05706787109375, 498.5128173828125, 306.1447448730469), ('0.207', 544.6599731445312, 296.05706787109375, 567.6058959960938, 306.1447448730469)]
17: 15. | Sharks | [('15.', 142.4199981689453, 306.8478088378906, 153.76864624023438, 316.677978515625), ('Sharks', 161.86000061035156, 306.616943359375, 188.99728393554688, 316.7046203613281)]
18: 16. | Rays | [('16.', 142.4199981689453, 321.0079345703125, 153.76864624023438, 330.8381042480469), ('Rays', 161.86000061035156, 320.77703857421875, 180.8276824951172, 330.86474609375)]
19: 17. | Coastal | tunas | [('17.', 142.4199981689453, 335.16790771484375, 153.76864624023438, 344.9980773925781), ('Coastal', 161.86000061035156, 334.93701171875, 191.04855346679688, 345.02471923828125), ('tunas', 193.3040771484375, 334.93701171875, 215.1577606201172, 345.02471923828125)]
20: 18. | Coastal | demersal | 0.016 | 0.000 | 0.017 | 0.001 | 0.379 | 0.080 | [('18.', 142.4199981689453, 349.32781982421875, 153.76864624023438, 359.1579895019531), ('Coastal', 161.86000061035156, 349.096923828125, 191.04855346679688, 359.18463134765625), ('demersal', 193.3040771484375, 349.096923828125, 229.45455932617188, 359.18463134765625), ('0.016', 266.739990234375, 352.93695068359375, 289.04656982421875, 363.0246276855469), ('0.000', 299.8599853515625, 352.93695068359375, 324.2799987792969, 363.0246276855469), ('0.017', 337.5400085449219, 352.93695068359375, 359.27825927734375, 363.0246276855469), ('0.001', 405.94000244140625, 352.93695068359375, 428.72607421875, 363.0246276855469), ('0.379', 476.260009765625, 352.93695068359375, 498.5843505859375, 363.0246276855469), ('0.080', 578.739990234375, 352.93695068359375, 602.9291381835938, 363.0246276855469)]
21: 19. | Clupeids | 0.044 | 0.009 | 0.032 | 0.048 | 0.291 | 0.667 | [('19.', 142.4199981689453, 363.4878234863281, 153.76864624023438, 373.3179931640625), ('Clupeids', 161.86000061035156, 363.2569580078125, 196.43873596191406, 373.3446350097656), ('0.044', 265.5400085449219, 367.096923828125, 289.0453796386719, 377.18463134765625), ('0.009', 335.3800048828125, 367.096923828125, 359.373779296875, 377.18463134765625), ('0.032', 370.6600036621094, 367.096923828125, 393.8812255859375, 377.18463134765625), ('0.048', 474.82000732421875, 367.096923828125, 498.60064697265625, 377.18463134765625), ('0.291', 581.1400146484375, 367.096923828125, 602.9671020507812, 377.18463134765625), ('0.667', 614.02001953125, 367.096923828125, 636.4864501953125, 377.18463134765625)]
22: 20. | Other | coastal | pelagics | 0.010 | 0.001 | 0.025 | 0.288 | 0.001 | 0.038 | 0.098 | 0.333 | [('20.', 142.4199981689453, 377.6479187011719, 153.76864624023438, 387.47808837890625), ('Other', 161.86000061035156, 377.41705322265625, 184.93911743164062, 387.5047302246094), ('coastal', 187.06143188476562, 377.41705322265625, 214.5627899169922, 387.5047302246094), ('pelagics', 216.8183135986328, 377.41705322265625, 248.50218200683594, 387.5047302246094), ('0.010', 266.260009765625, 381.2569580078125, 288.9928283691406, 391.3446350097656), ('0.001', 301.5400085449219, 381.2569580078125, 324.3260803222656, 391.3446350097656), ('0.025', 336.1000061035156, 381.2569580078125, 359.27679443359375, 391.3446350097656), ('0.288', 370.4200134277344, 381.2569580078125, 393.96978759765625, 391.3446350097656), ('0.001', 405.94000244140625, 381.2569580078125, 428.72607421875, 391.3446350097656), ('0.038', 475.05999755859375, 381.2569580078125, 498.6097412109375, 391.3446350097656), ('0.098', 579.219970703125, 381.2569580078125, 603.0006103515625, 391.3446350097656), ('0.333', 614.02001953125, 381.2569580078125, 636.6995239257812, 391.3446350097656)]
23: 21. | Cephalopods | 0.979 | 0.131 | 0.764 | 0.193 | [('21.', 142.4199981689453, 392.0478210449219, 153.76864624023438, 401.87799072265625), ('Cephalopods', 161.86000061035156, 391.81695556640625, 213.2574462890625, 401.9046325683594), ('0.979', 441.2200012207031, 395.65692138671875, 463.77520751953125, 405.74462890625), ('0.131', 478.17999267578125, 395.65692138671875, 498.5684509277344, 405.74462890625), ('0.764', 545.1400146484375, 395.65692138671875, 567.6863403320312, 405.74462890625), ('0.193', 581.3798828125, 395.65692138671875, 603.0825805664062, 405.74462890625)]
24: 22. | Crustaceans | 0.007 | [('22.', 142.4199981689453, 406.20782470703125, 153.76864624023438, 416.0379943847656), ('Crustaceans', 161.86000061035156, 405.9769287109375, 209.87416076660156, 416.06463623046875), ('0.007', 440.260009765625, 409.81695556640625, 463.6854553222656, 419.9046325683594)]
25: 23. | Benthos | 0.007 | [('23.', 142.4199981689453, 420.367919921875, 153.76864624023438, 430.1980895996094), ('Benthos', 161.86000061035156, 420.13702392578125, 194.27200317382812, 430.2247314453125), ('0.007', 440.260009765625, 423.9769287109375, 463.6854553222656, 434.06463623046875)]
26: 24. | Benthic | producers | [('24.', 142.4199981689453, 434.5278015136719, 153.76864624023438, 444.35797119140625), ('Benthic', 161.86000061035156, 434.29693603515625, 192.30064392089844, 444.3846130371094), ('producers', 194.5028839111328, 434.29693603515625, 234.36520385742188, 444.3846130371094)]
27: 25. | Zooplankton | 0.025 | 0.098 | 0.040 | 0.603 | 0.098 | 0.100 | 0.339 | [('25.', 142.4199981689453, 448.6878356933594, 153.76864624023438, 458.51800537109375), ('Zooplankton', 161.86000061035156, 448.45697021484375, 212.5115203857422, 458.5446472167969), ('0.025', 265.7799987792969, 452.29693603515625, 288.956787109375, 462.3846130371094), ('0.098', 300.5799865722656, 452.29693603515625, 324.3606262207031, 462.3846130371094), ('0.040', 335.3800048828125, 452.29693603515625, 359.32049560546875, 462.3846130371094), ('0.603', 370.6600036621094, 452.29693603515625, 394.0499267578125, 462.3846130371094), ('0.098', 404.9800109863281, 452.29693603515625, 428.7606506347656, 462.3846130371094), ('0.100', 510.5799865722656, 452.29693603515625, 533.3128051757812, 462.3846130371094), ('0.339', 580.1799926757812, 452.29693603515625, 602.9838256835938, 462.3846130371094)]
28: 26. | Phytoplankton | [('26.', 142.4199981689453, 462.8478088378906, 153.76864624023438, 472.677978515625), ('Phytoplankton', 161.86000061035156, 462.616943359375, 220.42359924316406, 472.7046203613281)]
29: 27. | Detritus | [('27.', 142.4199981689453, 477.2478332519531, 153.76864624023438, 487.0780029296875), ('Detritus', 161.86000061035156, 477.0169677734375, 194.26312255859375, 487.1046447753906)]
30: Import | 0.900 | 0.900 | 0.901 | 0.900 | 0.900 | [('Import', 148.4199981689453, 492.85693359375, 176.471923828125, 502.94464111328125), ('0.900', 265.05999755859375, 495.0169677734375, 288.9995422363281, 505.1046447753906), ('0.900', 300.3399963378906, 495.0169677734375, 324.2804870605469, 505.1046447753906), ('0.901', 337.05999755859375, 495.0169677734375, 359.3665466308594, 505.1046447753906), ('0.900', 404.739990234375, 495.0169677734375, 428.68048095703125, 505.1046447753906), ('0.900', 509.3800048828125, 495.0169677734375, 533.3204956054688, 505.1046447753906)]
31: Total | 1.000 | 1.000 | 1.000 | 1.000 | 1.000 | 1.000 | 1.000 | 1.000 | 1.000 | 1.000 | 1.000 | [('Total', 148.4199981689453, 507.0169677734375, 168.9683074951172, 517.1046142578125), ('1.000', 266.260009765625, 509.177001953125, 288.9928283691406, 519.2646484375), ('1.000', 301.5400085449219, 509.177001953125, 324.2728271484375, 519.2646484375), ('1.000', 336.5799865722656, 509.177001953125, 359.31280517578125, 519.2646484375), ('1.000', 371.1400146484375, 509.177001953125, 393.8728332519531, 519.2646484375), ('1.000', 405.94000244140625, 509.177001953125, 428.6728210449219, 519.2646484375), ('1.000', 440.9800109863281, 509.177001953125, 463.71282958984375, 519.2646484375), ('1.000', 475.7799987792969, 509.177001953125, 498.5128173828125, 519.2646484375), ('1.000', 510.5799865722656, 509.177001953125, 533.3128051757812, 519.2646484375), ('1.000', 544.9000244140625, 509.177001953125, 567.6328125, 519.2646484375), ('1.000', 580.1799926757812, 509.177001953125, 602.9127807617188, 519.2646484375), ('1.000', 613.780029296875, 509.177001953125, 636.5128173828125, 519.2646484375)]