0: Modelling | the | trophic | role | of | marine | mammals | in | tropical | areas, | L. | Morissette | et | al. | 39 | [('Modelling', 57.69997024536133, 36.057247161865234, 93.68773651123047, 45.05436706542969), ('the', 95.8736572265625, 36.057247161865234, 106.81909942626953, 45.05436706542969), ('trophic', 108.83869934082031, 36.057247161865234, 134.78460693359375, 45.05436706542969), ('role', 136.7091827392578, 36.057247161865234, 150.54542541503906, 45.05436706542969), ('of', 152.5650177001953, 36.057247161865234, 159.48709106445312, 45.05436706542969), ('marine', 161.43540954589844, 36.057247161865234, 187.51597595214844, 45.05436706542969), ('mammals', 189.53555297851562, 36.057247161865234, 225.60324096679688, 45.05436706542969), ('in', 227.47238159179688, 36.057247161865234, 234.7825469970703, 45.05436706542969), ('tropical', 236.59620666503906, 36.057247161865234, 264.79931640625, 45.05436706542969), ('areas,', 266.62884521484375, 36.057247161865234, 288.79840087890625, 45.05436706542969), ('L.', 290.7388000488281, 36.057247161865234, 297.6767272949219, 45.05436706542969), ('Morissette', 299.8626403808594, 36.057247161865234, 337.0628662109375, 45.05436706542969), ('et', 338.995361328125, 36.057247161865234, 345.8065490722656, 45.05436706542969), ('al.', 347.6360778808594, 36.057247161865234, 356.0233459472656, 45.05436706542969), ('39', 717.219970703125, 36.057247161865234, 727.3892211914062, 45.05436706542969)]
1: Table | 18 | (cont.). | Diet | matrix | for | the | Ecopath | model | of | Northwest | Africa. | [('Table', 129.94000244140625, 72.85691833496094, 155.443359375, 82.94459533691406), ('18', 157.58343505859375, 72.85691833496094, 168.15065002441406, 82.94459533691406), ('(cont.).', 170.31736755371094, 72.85691833496094, 204.67408752441406, 82.94459533691406), ('Diet', 206.7378387451172, 72.85691833496094, 223.4766387939453, 82.94459533691406), ('matrix', 225.68775939941406, 72.85691833496094, 252.0169677734375, 82.94459533691406), ('for', 254.49447631835938, 72.85691833496094, 265.82537841796875, 82.94459533691406), ('the', 267.94769287109375, 72.85691833496094, 280.6371765136719, 82.94459533691406), ('Ecopath', 283.05999755859375, 72.85691833496094, 316.1646423339844, 82.94459533691406), ('model', 318.33782958984375, 72.85691833496094, 343.210693359375, 82.94459533691406), ('of', 345.46624755859375, 72.85691833496094, 353.15631103515625, 82.94459533691406), ('Northwest', 355.5539245605469, 72.85691833496094, 397.0412902832031, 82.94459533691406), ('Africa.', 399.2524108886719, 72.85691833496094, 425.6615295410156, 82.94459533691406)]
2: Prey | / | Predators | 12 | 13 | 14 | 15 | 16 | 17 | 18 | 19 | 20 | 21 | 22 | 23 | [('Prey', 129.94000244140625, 85.57701110839844, 150.7991180419922, 95.66468811035156), ('/', 153.48976135253906, 85.57701110839844, 157.68112182617188, 95.66468811035156), ('Predators', 159.7412872314453, 85.57701110839844, 205.8728790283203, 95.66468811035156), ('12', 256.17999267578125, 85.57701110839844, 266.06341552734375, 95.66468811035156), ('13', 290.9800109863281, 85.57701110839844, 300.85455322265625, 95.66468811035156), ('14', 325.29998779296875, 85.57701110839844, 335.3876647949219, 95.66468811035156), ('15', 359.6199951171875, 85.57701110839844, 369.263671875, 95.66468811035156), ('16', 394.17999267578125, 85.57701110839844, 404.2587890625, 95.66468811035156), ('17', 429.4599914550781, 85.57701110839844, 438.7040710449219, 95.66468811035156), ('18', 464.5, 85.57701110839844, 474.8274230957031, 95.66468811035156), ('19', 499.29998779296875, 85.57701110839844, 509.3787841796875, 95.66468811035156), ('20', 532.9000244140625, 85.57701110839844, 544.6571044921875, 95.66468811035156), ('21', 568.9000244140625, 85.57701110839844, 578.783447265625, 95.66468811035156), ('22', 603.219970703125, 85.57701110839844, 614.3110961914062, 95.66468811035156), ('23', 637.780029296875, 85.57701110839844, 648.8622436523438, 95.66468811035156)]
3: 1. | Minke | whales | [('1.', 130.66000366210938, 107.88790893554688, 137.44432067871094, 117.71807098388672), ('Minke', 145.77999877929688, 107.65702819824219, 170.96368408203125, 117.74470520019531), ('whales', 173.38792419433594, 107.65702819824219, 200.5163116455078, 117.74470520019531)]
4: 2. | Fin | whales | [('2.', 130.66000366210938, 122.04791259765625, 137.44432067871094, 131.87806701660156), ('Fin', 145.77999877929688, 121.81703186035156, 158.95791625976562, 131.9047088623047), ('whales', 161.15127563476562, 121.81703186035156, 188.27967834472656, 131.9047088623047)]
5: 3. | Humpback | whales | [('3.', 130.66000366210938, 136.44790649414062, 137.44432067871094, 146.27806091308594), ('Humpback', 145.77999877929688, 136.21702575683594, 189.70046997070312, 146.30470275878906), ('whales', 191.90272521972656, 136.21702575683594, 219.0311279296875, 146.30470275878906)]
6: 4. | Brydes | whales | [('4.', 130.66000366210938, 150.60791015625, 137.44432067871094, 160.4380645751953), ('Brydes', 145.77999877929688, 150.3770294189453, 172.92616271972656, 160.46470642089844), ('whales', 175.32376098632812, 150.3770294189453, 202.45216369628906, 160.46470642089844)]
7: 5. | Sei | whales | [('5.', 130.66000366210938, 164.76791381835938, 137.44432067871094, 174.5980682373047), ('Sei', 145.77999877929688, 164.5370330810547, 157.74136352539062, 174.6247100830078), ('whales', 159.93472290039062, 164.5370330810547, 187.06312561035156, 174.6247100830078)]
8: 6. | Sperm | whales | [('6.', 130.66000366210938, 178.92791748046875, 137.44432067871094, 188.75807189941406), ('Sperm', 145.77999877929688, 178.69703674316406, 171.62078857421875, 188.7847137451172), ('whales', 174.11607360839844, 178.69703674316406, 201.24447631835938, 188.7847137451172)]
9: 7. | Killer | whales | [('7.', 130.66000366210938, 193.08782958984375, 137.44432067871094, 202.91798400878906), ('Killer', 145.77999877929688, 192.85694885253906, 167.8911895751953, 202.9446258544922), ('whales', 170.01351928710938, 192.85694885253906, 197.1419219970703, 202.9446258544922)]
10: 8. | Baleen | whales | [('8.', 130.66000366210938, 207.24783325195312, 137.44432067871094, 217.07798767089844), ('Baleen', 145.77999877929688, 207.01695251464844, 172.63311767578125, 217.10462951660156), ('whales', 174.82647705078125, 207.01695251464844, 201.9548797607422, 217.10462951660156)]
11: 9. | Beaked | whales | [('9.', 130.66000366210938, 221.6478271484375, 137.44432067871094, 231.4779815673828), ('Beaked', 145.77999877929688, 221.4169464111328, 174.6488800048828, 231.50462341308594), ('whales', 177.0020751953125, 221.4169464111328, 204.13047790527344, 231.50462341308594)]
12: 10. | Dolphins | [('10.', 130.66000366210938, 235.80783081054688, 142.00863647460938, 245.6379852294922), ('Dolphins', 145.77999877929688, 235.5769500732422, 182.03704833984375, 245.6646270751953)]
13: 11. | Seabirds | [('11.', 130.66000366210938, 249.96783447265625, 142.00863647460938, 259.7980041503906), ('Seabirds', 145.77999877929688, 249.73695373535156, 179.8791961669922, 259.82464599609375)]
14: 12. | Large | pelagics | 0.100 | 0.050 | [('12.', 130.66000366210938, 264.1278076171875, 142.00863647460938, 273.9579772949219), ('Large', 145.77999877929688, 263.89691162109375, 168.09544372558594, 273.984619140625), ('pelagics', 170.51968383789062, 263.89691162109375, 202.20352172851562, 273.984619140625), ('0.100', 284.9800109863281, 267.7369384765625, 307.71282958984375, 277.82464599609375), ('0.050', 352.6600036621094, 267.7369384765625, 376.3607482910156, 277.82464599609375)]
15: 13. | Mesopelagic | predators | 0.016 | [('13.', 130.66000366210938, 278.2879333496094, 142.00863647460938, 288.11810302734375), ('Mesopelagic', 145.77999877929688, 278.05706787109375, 194.9485626220703, 288.1447448730469), ('predators', 197.1508026123047, 278.05706787109375, 235.56568908691406, 288.1447448730469), ('0.016', 285.4599914550781, 281.89691162109375, 307.7665710449219, 291.984619140625)]
16: 14. | Bathydeersal | predators | 0.032 | [('14.', 130.66000366210938, 292.4479064941406, 142.00863647460938, 302.278076171875), ('Bathydeersal', 145.77999877929688, 292.217041015625, 197.31951904296875, 302.3047180175781), ('predators', 199.57504272460938, 292.217041015625, 237.98992919921875, 302.3047180175781), ('0.032', 284.5, 296.05706787109375, 307.72119140625, 306.1447448730469)]
17: 15. | Sharks | 0.000 | 0.000 | 0.000 | [('15.', 130.66000366210938, 306.8478088378906, 142.00863647460938, 316.677978515625), ('Sharks', 145.77999877929688, 306.616943359375, 172.9172821044922, 316.7046203613281), ('0.000', 248.97999572753906, 310.45697021484375, 273.3999938964844, 320.5446472167969), ('0.000', 422.0199890136719, 310.45697021484375, 446.44000244140625, 320.5446472167969), ('0.000', 457.5400085449219, 310.45697021484375, 481.96002197265625, 320.5446472167969)]
18: 16. | Rays | 0.000 | 0.000 | 0.000 | [('16.', 130.66000366210938, 321.0079345703125, 142.00863647460938, 330.8381042480469), ('Rays', 145.77999877929688, 320.77703857421875, 164.7476806640625, 330.86474609375), ('0.000', 248.97999572753906, 324.616943359375, 273.3999938964844, 334.7046203613281), ('0.000', 422.0199890136719, 324.616943359375, 446.44000244140625, 334.7046203613281), ('0.000', 457.5400085449219, 324.616943359375, 481.96002197265625, 334.7046203613281)]
19: 17. | Coastal | tunas | [('17.', 130.66000366210938, 335.16790771484375, 142.00863647460938, 344.9980773925781), ('Coastal', 145.77999877929688, 334.93701171875, 174.9685516357422, 345.02471923828125), ('tunas', 177.2240753173828, 334.93701171875, 199.07777404785156, 345.02471923828125)]
20: 18. | Coastal | demersal | 0.016 | 0.367 | 0.100 | 0.140 | 0.037 | [('18.', 130.66000366210938, 349.32781982421875, 142.00863647460938, 359.1579895019531), ('Coastal', 145.77999877929688, 349.096923828125, 174.9685516357422, 359.18463134765625), ('demersal', 177.2240753173828, 349.096923828125, 213.37454223632812, 359.18463134765625), ('0.016', 285.4599914550781, 352.93695068359375, 307.7665710449219, 363.0246276855469), ('0.367', 319.5400085449219, 352.93695068359375, 341.7755432128906, 363.0246276855469), ('0.100', 353.6199951171875, 352.93695068359375, 376.3528137207031, 363.0246276855469), ('0.140', 388.8999938964844, 352.93695068359375, 411.1532897949219, 363.0246276855469), ('0.037', 563.1400146484375, 352.93695068359375, 585.8550415039062, 363.0246276855469)]
21: 19. | Clupeids | 0.158 | 0.580 | 0.275 | 0.308 | 0.002 | 0.090 | [('19.', 130.66000366210938, 363.4878234863281, 142.00863647460938, 373.3179931640625), ('Clupeids', 145.77999877929688, 363.2569580078125, 180.3587188720703, 373.3446350097656), ('0.158', 251.6199951171875, 367.096923828125, 273.4736633300781, 377.18463134765625), ('0.580', 284.260009765625, 367.096923828125, 307.7298583984375, 377.18463134765625), ('0.275', 354.1000061035156, 367.096923828125, 376.3177490234375, 377.18463134765625), ('0.308', 422.9800109863281, 367.096923828125, 446.52978515625, 377.18463134765625), ('0.002', 458.0199890136719, 367.096923828125, 481.95159912109375, 377.18463134765625), ('0.090', 561.9398803710938, 367.096923828125, 585.88037109375, 377.18463134765625)]
22: 20. | Other | coastal | pelagics | 0.158 | 0.150 | 0.103 | 0.005 | 0.050 | [('20.', 130.66000366210938, 377.6479187011719, 142.00863647460938, 387.47808837890625), ('Other', 145.77999877929688, 377.41705322265625, 168.85911560058594, 387.5047302246094), ('coastal', 170.9814453125, 377.41705322265625, 198.4827880859375, 387.5047302246094), ('pelagics', 200.73831176757812, 377.41705322265625, 232.4221649169922, 387.5047302246094), ('0.158', 251.6199951171875, 381.2569580078125, 273.4736633300781, 391.3446350097656), ('0.150', 354.3399963378906, 381.2569580078125, 376.353515625, 391.3446350097656), ('0.103', 424.4200134277344, 381.2569580078125, 446.6022644042969, 391.3446350097656), ('0.005', 458.260009765625, 381.2569580078125, 481.91632080078125, 391.3446350097656), ('0.050', 562.1799926757812, 381.2569580078125, 585.8807373046875, 391.3446350097656)]
23: 21. | Cephalopods | 0.053 | 0.256 | 0.026 | 0.002 | [('21.', 130.66000366210938, 392.0478210449219, 142.00863647460938, 401.87799072265625), ('Cephalopods', 145.77999877929688, 391.81695556640625, 197.1774444580078, 401.9046325683594), ('0.053', 250.4199981689453, 395.65692138671875, 273.5701599121094, 405.74462890625), ('0.256', 284.9800109863281, 395.65692138671875, 307.7749938964844, 405.74462890625), ('0.026', 422.9800109863281, 395.65692138671875, 446.4942626953125, 405.74462890625), ('0.002', 458.0199890136719, 395.65692138671875, 481.95159912109375, 405.74462890625)]
24: 22. | Crustaceans | 0.443 | [('22.', 130.66000366210938, 406.20782470703125, 142.00863647460938, 416.0379943847656), ('Crustaceans', 145.77999877929688, 405.9769287109375, 193.79415893554688, 416.06463623046875), ('0.443', 319.05999755859375, 409.81695556640625, 341.97039794921875, 419.9046325683594)]
25: 23. | Benthos | 0.055 | 0.460 | 0.125 | 0.250 | 0.560 | 0.022 | [('23.', 130.66000366210938, 420.367919921875, 142.00863647460938, 430.1980895996094), ('Benthos', 145.77999877929688, 420.13702392578125, 178.19200134277344, 430.2247314453125), ('0.055', 318.82000732421875, 423.9769287109375, 341.7570495605469, 434.06463623046875), ('0.460', 387.70001220703125, 423.9769287109375, 411.1609802246094, 434.06463623046875), ('0.125', 460.4200134277344, 423.9769287109375, 481.90960693359375, 434.06463623046875), ('0.250', 562.6599731445312, 423.9769287109375, 585.8811645507812, 434.06463623046875), ('0.560', 597.4600219726562, 423.9769287109375, 620.6812133789062, 434.06463623046875), ('0.022', 631.5399780273438, 423.9769287109375, 654.9839477539062, 434.06463623046875)]
26: 24. | Benthic | producers | 0.400 | 0.375 | 0.200 | 0.055 | [('24.', 130.66000366210938, 434.5278015136719, 142.00863647460938, 444.35797119140625), ('Benthic', 145.77999877929688, 434.29693603515625, 176.22064208984375, 444.3846130371094), ('producers', 178.42288208007812, 434.29693603515625, 218.2852020263672, 444.3846130371094), ('0.400', 387.2200012207031, 438.136962890625, 411.1604919433594, 448.2246398925781), ('0.375', 459.94000244140625, 438.136962890625, 481.9268798828125, 448.2246398925781), ('0.200', 596.739990234375, 438.136962890625, 620.6804809570312, 448.2246398925781), ('0.055', 632.02001953125, 438.136962890625, 654.9570922851562, 448.2246398925781)]
27: 25. | Zooplankton | 0.632 | 0.135 | 0.425 | 0.564 | 0.140 | 0.774 | 0.800 | 0.573 | 0.101 | [('25.', 130.66000366210938, 448.6878356933594, 142.00863647460938, 458.51800537109375), ('Zooplankton', 145.77999877929688, 448.45697021484375, 196.4315185546875, 458.5446472167969), ('0.632', 250.66000366210938, 452.29693603515625, 273.4017028808594, 462.3846130371094), ('0.135', 320.5, 452.29693603515625, 341.7586975097656, 462.3846130371094), ('0.425', 353.6199951171875, 452.29693603515625, 376.3172607421875, 462.3846130371094), ('0.564', 423.70001220703125, 452.29693603515625, 446.4861145019531, 462.3846130371094), ('0.140', 459.70001220703125, 452.29693603515625, 481.95330810546875, 462.3846130371094), ('0.774', 493.7799987792969, 452.29693603515625, 515.8468017578125, 462.3846130371094), ('0.800', 526.9000244140625, 452.29693603515625, 551.0891723632812, 462.3846130371094), ('0.573', 563.8599853515625, 452.29693603515625, 586.0510864257812, 462.3846130371094), ('0.101', 599.619873046875, 452.29693603515625, 620.71875, 462.3846130371094)]
28: 26. | Phytoplankton | 0.255 | 0.226 | 0.200 | 0.005 | [('26.', 130.66000366210938, 462.8478088378906, 142.00863647460938, 472.677978515625), ('Phytoplankton', 145.77999877929688, 462.616943359375, 204.34359741210938, 472.7046203613281), ('0.255', 459.4599914550781, 466.45697021484375, 481.9175109863281, 476.5446472167969), ('0.226', 492.82000732421875, 466.45697021484375, 515.854736328125, 476.5446472167969), ('0.200', 527.1400146484375, 466.45697021484375, 551.0805053710938, 476.5446472167969), ('0.005', 596.97998046875, 466.45697021484375, 620.6362915039062, 476.5446472167969)]
29: 27. | Detritus | 0.096 | 0.134 | 0.923 | [('27.', 130.66000366210938, 477.2478332519531, 142.00863647460938, 487.0780029296875), ('Detritus', 145.77999877929688, 477.0169677734375, 178.18312072753906, 487.1046447753906), ('0.096', 458.5, 480.85693359375, 482.0142517089844, 490.94464111328125), ('0.134', 599.1400146484375, 480.85693359375, 620.727294921875, 490.94464111328125), ('0.923', 632.2598876953125, 480.85693359375, 655.1702880859375, 490.94464111328125)]
30: Import | [('Import', 129.94000244140625, 492.85693359375, 157.99192810058594, 502.94464111328125)]
31: Total | 1.000 | 1.000 | 1.000 | 1.000 | 1.000 | 1.000 | 1.000 | 1.000 | 1.000 | 1.000 | 1.000 | 1.000 | [('Total', 129.94000244140625, 507.0169677734375, 150.48831176757812, 517.1046142578125), ('1.000', 250.66000366210938, 509.177001953125, 273.392822265625, 519.2646484375), ('1.000', 284.9800109863281, 509.177001953125, 307.71282958984375, 519.2646484375), ('1.000', 319.05999755859375, 509.177001953125, 341.7928161621094, 519.2646484375), ('1.000', 353.6199951171875, 509.177001953125, 376.3523254394531, 519.2646484375), ('1.000', 388.4200134277344, 509.177001953125, 411.15283203125, 519.2646484375), ('1.000', 423.70001220703125, 509.177001953125, 446.4328308105469, 519.2646484375), ('1.000', 459.2200012207031, 509.177001953125, 481.95281982421875, 519.2646484375), ('1.000', 493.05999755859375, 509.177001953125, 515.7927856445312, 519.2646484375), ('1.000', 528.3400268554688, 509.177001953125, 551.0728149414062, 519.2646484375), ('1.000', 563.1400146484375, 509.177001953125, 585.872802734375, 519.2646484375), ('1.000', 597.9398803710938, 509.177001953125, 620.6726684570312, 519.2646484375), ('1.000', 632.2598876953125, 509.177001953125, 654.99267578125, 519.2646484375)]