[  0] y=   30.2  Assessing | MPA | Contribution | to | Ecosystems
[  1] y=   64.8  Table | 1. | Input | and | output | parameters | for | the | Base | Ecopath | model.*
[  2] y=   95.1  Catch | (t/km 2 )
[  3] y=  111.6  Biom | (t/
[  4] y=  118.6  Group | name | TL | km 2 ) | Z | (/year | P/B/year | Q/B/year | EE | P/Q | BA | Artis. | Dem. | Pel. | Total
[  5] y=  135.0  Migratory
[  6] y=  147.4  1 | Marine | mammals | 4.16 | 0.01 | 0.04 | 12.5 | 0.000 | 0.003 | 0 | 0 | 0 | 0 | 0
[  7] y=  159.9  2 | Coastal | birds | 3.44 | 0.01 | 0.28 | 67.0 | 0.000 | 0.004 | 0 | 0 | 0 | 0 | 0
[  8] y=  172.3  Meagre
[  9] y=  184.8  3 | Meagre | ad | 3.94 | 0.12 | 0.21 | 0 | 2.1 | 0.657 | 0.100 | 0 | 0.007 | 0.007 | 0 | 0.014
[ 10] y=  197.2  4 | Meagre | juv | 3.80 | 5.E-05 | 0.3 | 0 | 17.9 | 0.974 | 0.017 | 0 | 0 | 0 | 0 | 0
[ 11] y=  209.7  5 | Mullets | 2.10 | 0.42 | 0.8 | 8.2 | 0.800 | 0.097 | 0 | 0.04 | 0.063 | 0 | 0.103
[ 12] y=  222.2  Pelagics
[ 13] y=  234.6  6 | Pelagic | L | 3.84 | 3.42 | 0.96 | 5.4 | 0.900 | 0.178 | 0 | 0.008 | 0 | 2.671 | 2.679
[ 14] y=  247.1  7 | Mackerel | 3.20 | 1.45 | 0.45 | 3.0 | 0.735 | 0.150 | 0 | 0 | 0 | 0.289 | 0.289
[ 15] y=  259.5  8 | Sardine | 2.90 | 11.79 | 0.65 | 4.3 | 0.771 | 0.150 | 0 | 0 | 0 | 1.801 | 1.801
[ 16] y=  272.0  9 | Sardinelles | 2.78 | 18 | 0.99 | 7.7 | 0.785 | 0.129 | 0 | 0.108 | 0 | 2.202 | 2.31
[ 17] y=  284.4  10 | Horse | mackerels | 3.23 | 10 | 0.72 | 3.6 | 0.844 | 0.200 | 0 | 0.003 | 0 | 3.809 | 3.812
[ 18] y=  296.9  Coastal
[ 19] y=  309.3  11 | Coastal | selacians | 3.64 | 1.24 | 0.3 | 2.0 | 0.015 | 0.150 | -0.05 | 0.046 | 0.017 | 0 | 0.063
[ 20] y=  321.8  12 | Coastal | M | 3.05 | 0.83 | 0.58 | 2.9 | 0.858 | 0.200 | 0 | 0.053 | 0.068 | 0 | 0.121
[ 21] y=  334.2  13 | Coastal | S | 3.12 | 4.21 | 0.62 | 3.1 | 0.950 | 0.200 | 0 | 0 | 0 | 0 | 0
[ 22] y=  346.7  Croakers
[ 23] y=  359.1  14 | Croakers | ad | 3.66 | 0.077 | 0.6 | 3.9 | 0.754 | 0.156 | 0 | 0.001 | 0.002 | 0 | 0.003
[ 24] y=  371.6  15 | Croakers | juv | 3.23 | 0.004 | 1.17 | 9.9 | 0.706 | 0.118 | 0 | 0 | 0 | 0 | 0
[ 25] y=  384.0  Seabreams | 0
[ 26] y=  396.5  16 | Seabreams | ad | 3.15 | 1.69 | 0.48 | 4.7 | 0.884 | 0.102 | 0 | 0.044 | 0.123 | 0 | 0.167
[ 27] y=  408.9  17 | Seabreams | juv. | 3.14 | 0.012 | 0.76 | 21.1 | 0.884 | 0.036 | 0 | 0 | 0 | 0 | 0
[ 28] y=  421.4  Catfish
[ 29] y=  433.9  18 | Catfish | ad | 3.48 | 0.6 | 0.34 | 4.1 | 0.226 | 0.083 | 0 | 0.034 | 0 | 0 | 0.034
[ 30] y=  446.3  19 | Catfish | juv | 3.05 | 0.002 | 0.58 | 22.3 | 0.780 | 0.026 | 0 | 0 | 0 | 0 | 0
[ 31] y=  458.8  Shelf
[ 32] y=  471.2  20 | Shelf | selacians | 4.06 | 0.2 | 0.24 | 1.6 | 0.787 | 0.150 | 0 | 0.001 | 0.01 | 0 | 0.011
[ 33] y=  483.6  21 | Shelf | L | 4.08 | 0.36 | 0.47 | 3.4 | 0.467 | 0.140 | 0 | 0 | 0.071 | 0 | 0.071
[ 34] y=  496.1  22 | Shelf | M | 3.24 | 1.55 | 0.57 | 6.2 | 0.908 | 0.092 | 0 | 0.01 | 0.136 | 0 | 0.146
[ 35] y=  508.6  Groupers
[ 36] y=  521.0  23 | Groupers | ad | 3.78 | 0.11 | 0.43 | 3.2 | 0.938 | 0.137 | -0.05 | 0.017 | 0.008 | 0 | 0.025
[ 37] y=  533.5  24 | Grouper | juv | 3.53 | 0.0004 | 0.44 | 16.2 | 0.536 | 0.027 | -0.05 | 0 | 0 | 0 | 0
[ 38] y=  545.9  Sparids
[ 39] y=  558.4  25 | Sparids | ad | 2.96 | 1.29 | 0.44 | 2.4 | 0.871 | 0.186 | 0 | 0.009 | 0.005 | 0 | 0.014
[ 40] y=  570.8  26 | Sparids | juv | 2.60 | 0.01 | 0.86 | 9.8 | 0.939 | 0.088 | 0 | 0 | 0 | 0 | 0
[ 41] y=  583.3  27 | Scianids | 3.42 | 0.22 | 0.29 | 4.3 | 0.665 | 0.068 | -0.05 | 0.001 | 0.016 | 0 | 0.017
[ 42] y=  595.7  28 | Shelf | soles | 3.31 | 0.35 | 0.58 | 2.9 | 0.882 | 0.200 | 0 | 0.001 | 0.008 | 0 | 0.009
[ 43] y=  608.2  29 | Shelf | S | 3.05 | 6.195 | 0.82 | 7.6 | 0.950 | 0.108 | 0 | 0 | 0.005 | 0 | 0.005
[ 44] y=  620.6  30 | Octopus | vulgaris | 3.15 | 1.37 | 1.4 | 4.7 | 0.632 | 0.300 | -0.03 | 0.218 | 0.665 | 0 | 0.883
[ 45] y=  633.1  31 | Cephalopods | 3.56 | 1 | 1.2 | 4.0 | 0.839 | 0.300 | -0.03 | 0.001 | 0.254 | 0 | 0.255
[ 46] y=  645.6  Sedentary
[ 47] y=  658.0  32 | BA | L | crustaceans | 2.43 | 9.12 | 1.44 | 7.2 | 0.877 | 0.200 | 0 | 0 | 0 | 0 | 0
[ 48] y=  670.4  33 | BA | molluscs | 2.05 | 17.86 | 1.5 | 16.7 | 0.888 | 0.090 | 0 | 0 | 0 | 0 | 0
[ 49] y=  682.9  34 | BA | worms | 2.03 | 5.32 | 3 | 33.3 | 0.805 | 0.090 | 0 | 0 | 0 | 0 | 0
[ 50] y=  695.3  35 | BA | crustaceans | 2.10 | 1.14 | 2.4 | 12.0 | 0.975 | 0.200 | 0 | 0 | 0 | 0 | 0
[ 51] y=  707.8  36 | BA | other | inverts | 2.21 | 0.57 | 1.8 | 9.0 | 0.868 | 0.200 | 0 | 0 | 0 | 0 | 0
[ 52] y=  754.5  PLOS | ONE | | | www.plosone.org | 4 | April | 2014 | | | Volume | 9 | | | Issue | 4 | | | e94742
